Steps:   16
CD: 0.10440026 | CD (zero mean): 0.07281009 | CD (norm): 0.00797417 | CD (std): 0.08628180
EMD: 1.20722433 | EMD (zero mean): 0.45999251 | EMD (norm): 0.05121365 | EMD (std): 0.36825176
--------------------------------------------------
