Steps:    4
CD: 0.31015280 | CD (zero mean): 0.25458606 | CD (norm): 0.01745240 | CD (std): 0.14658893
EMD: 1.62161472 | EMD (zero mean): 1.28047134 | EMD (norm): 0.10756358 | EMD (std): 0.55430551
--------------------------------------------------
