Steps:  500
CD: 0.08977383 | CD (zero mean): 0.05927692 | CD (norm): 0.00756299 | CD (std): 0.08491265
EMD: 1.26014958 | EMD (zero mean): 0.40731844 | EMD (norm): 0.05127667 | EMD (std): 0.35250152
--------------------------------------------------
