Steps: 1000
CD: 0.09074079 | CD (zero mean): 0.06193821 | CD (norm): 0.00774267 | CD (std): 0.08372630
EMD: 1.23244891 | EMD (zero mean): 0.41106938 | EMD (norm): 0.05140520 | EMD (std): 0.34933812
--------------------------------------------------
