Steps:   32
CD: 0.09040499 | CD (zero mean): 0.06185000 | CD (norm): 0.00774306 | CD (std): 0.08213503
EMD: 1.17849919 | EMD (zero mean): 0.39646764 | EMD (norm): 0.05010532 | EMD (std): 0.35886490
--------------------------------------------------
