Steps:  250
CD: 0.09024114 | CD (zero mean): 0.06076390 | CD (norm): 0.00743477 | CD (std): 0.08310187
EMD: 1.22063599 | EMD (zero mean): 0.39872770 | EMD (norm): 0.04935289 | EMD (std): 0.34921656
--------------------------------------------------
