Steps:  125
CD: 0.09641370 | CD (zero mean): 0.06101554 | CD (norm): 0.00775961 | CD (std): 0.08594964
EMD: 1.30909958 | EMD (zero mean): 0.40781654 | EMD (norm): 0.05182059 | EMD (std): 0.36035092
--------------------------------------------------
