Steps:   63
CD: 0.09184571 | CD (zero mean): 0.06060215 | CD (norm): 0.00731947 | CD (std): 0.08372582
EMD: 1.26500240 | EMD (zero mean): 0.40202463 | EMD (norm): 0.05034075 | EMD (std): 0.35714942
--------------------------------------------------
