Steps:    8
CD: 0.15050356 | CD (zero mean): 0.11564167 | CD (norm): 0.01021978 | CD (std): 0.09911370
EMD: 1.25732708 | EMD (zero mean): 0.73157161 | EMD (norm): 0.06521869 | EMD (std): 0.40423169
--------------------------------------------------
