Steps:    2
CD: 0.44932133 | CD (zero mean): 0.37923493 | CD (norm): 0.04566427 | CD (std): 0.40835708
EMD: 2.10900721 | EMD (zero mean): 1.75396618 | EMD (norm): 0.20521141 | EMD (std): 1.21394808
--------------------------------------------------
