Steps:    2
CD: 2.20713732 | CD (zero mean): 1.21019908 | CD (norm): 0.01440687 | CD (std): 0.12005586
EMD: 7.79829324 | EMD (zero mean): 5.02836412 | EMD (norm): 0.10951983 | EMD (std): 0.69468861
--------------------------------------------------
