Steps:    8
CD: 1.21670072 | CD (zero mean): 0.71619245 | CD (norm): 0.01554413 | CD (std): 0.11756716
EMD: 5.72395997 | EMD (zero mean): 3.99324640 | EMD (norm): 0.15506179 | EMD (std): 0.58884054
--------------------------------------------------
