Steps:    4
CD: 1.57891548 | CD (zero mean): 0.91407354 | CD (norm): 0.01556396 | CD (std): 0.11962752
EMD: 6.61964612 | EMD (zero mean): 4.46021379 | EMD (norm): 0.13925091 | EMD (std): 0.63638154
--------------------------------------------------
