Steps:   16
CD: 0.70761356 | CD (zero mean): 0.38062855 | CD (norm): 0.01271303 | CD (std): 0.11268717
EMD: 4.22876099 | EMD (zero mean): 2.75333240 | EMD (norm): 0.13896481 | EMD (std): 0.54157436
--------------------------------------------------
