Steps:  500
CD: 0.10242786 | CD (zero mean): 0.06592919 | CD (norm): 0.00791606 | CD (std): 0.08646481
EMD: 1.35461311 | EMD (zero mean): 0.46913601 | EMD (norm): 0.05561488 | EMD (std): 0.35708091
--------------------------------------------------
