Steps:  250
CD: 0.16732384 | CD (zero mean): 0.08536197 | CD (norm): 0.00900798 | CD (std): 0.09246389
EMD: 1.88904849 | EMD (zero mean): 0.66484653 | EMD (norm): 0.06794841 | EMD (std): 0.37668077
--------------------------------------------------
