Steps:   63
CD: 0.26186175 | CD (zero mean): 0.15291943 | CD (norm): 0.01095501 | CD (std): 0.10240164
EMD: 2.40239290 | EMD (zero mean): 1.25316254 | EMD (norm): 0.09561543 | EMD (std): 0.44538060
--------------------------------------------------
