Steps:  125
CD: 0.21237749 | CD (zero mean): 0.10824681 | CD (norm): 0.01006267 | CD (std): 0.09504594
EMD: 2.30351531 | EMD (zero mean): 0.82179202 | EMD (norm): 0.07528424 | EMD (std): 0.40961406
--------------------------------------------------
